642

16166666, 6161 Doinri et ciccae 611116- 111666, presbyter (1066-74) 96, ( ·

tissse 66161 65, 147. 1074) 99.

11116 01666661 Andreae, uxor Do· 1116161, 66161 11661 (1074) 96,

1116611111 (1066) 65, (6.1076-80) (1080) 192.

126, (1091) 164. 116161661616166166060) 190.
1611616111. 16661611. presbyter (6. 1090) 153.
1161616111 (111161) 616. 111166 11611161 Lacarda (1060)
1616666 16 Servios (1070-6) 166. 199,

161666 661616 (6. 1074) 96. 61. 111666. 7116116,711116,711111,11661661111.666
16166666, 61166666116116661661. boljeri (6. 1062) 62, (1069) 79.

933. 116161666111166161Β66111(1060)
161666, 661166 1166161661 (1060) 166. 126.
161666166, 6116606616666, ngnsetn 6111666166 Ρ1ο11661(1060) 131.

(1090) 160. 61666 11611661 (1090) 136.
16116666, Nonensis (1079) 92. 1116111611, 1116116111, 11111111, 1166616
16163626, 66161 Gregorii 6611666616060) 6ὲ1ἔ6616616070-6) 169, 166, (1060)
1611616 ovium (1090) 130. de 1666 (6. 1116166, 1666666 1666661666 (1070) 92.

1090) 156. 1666666 666616116666060) 192.
venditio (1070) 64, (6. 1073) 97, (1066, 111166 01116161 (1090) 199.

1067-76) 100. 116161 Drsgi prioris tregua. 61

hominnm (1076) 104. 6616116 mo· iilius 616666 (6. 1097) 179. 611-

666111 1161616 (1076) 109. cina.
venditores 161166 (1060) 192. 111666166, 66161 66111 11661666 (1060)
Veneriae (6166) eet, (666) 611, (ece) 135.

312, (6111 611, 616, (611) 611, (aar) visonta 16116 nouam (11166) rer.

396, (665 964, (672) 965, (960) 106, 11166611, 1116611, 116161 Predae (1060)

- 696 (1097) 470, - 479-61. 199, (6. 1090) 163.

1661666616 naor 116616 6111661611 993. 111166166666616616616166661474-5.
vecla),6 91661ὲί6116 6. Benedicti Spaisti 11ξὲ16166, 6616616661666166. (1096)
14166116, uxor Audoou, Todnri iilis 11116 (1070) 69, (1076) 114, (6.1090)

1040) 45. 159. regalis (1076-6) 113.
Werinhnrius, pannonici confinii comes 1111661 (1050) 59, (1076) 114, (1070,

936. 1071-6) 163 16 Ν6616(1060)126
1616 chroatiae 166616 (1069) 73. 16 dorica (1070-8)166. 16 Jsgo-
16111111,11116661616111616-661 1116 (loeo-5) 111

410. 1111661111 Corinthiae 61116 474.
vestimentum: de quirino (916) 19. willerus, 1111616666 1. 0661161161.
1611116666 presbyter, missus Maximi 1111161(922),327.

6266126666 66166661 (600) 256, (602) 11Ξ6ὲὲ166161ὸ1ἰ1ῖ 2151ξ116 Moesiae (669-4)
vexilium regni (1076) 103, (1076) 212. 11666666, comes Beiiegratae‚ iegstns
1166611166(956) 21, (1070) 64. 6611- regis 0666661479.

qua (1067) 69. 1166111661 repromissionis (1016) 63.
visson, Absarensis (1016) 94. 61161. 116666 (992) 16, (916) 17, 16, 19, (930)

ibis. 21, (1064) oa, (11161) oe, (1666) 11,
Victo, tribunus de Apsaro (999) 27. (1073)96,(6 1675-6)101,(1111116)
Viogffisstiggim Pribisnir (1086) 144. 1. 116ἔό ) 117ἓέ ἓξὲὀιξΙῙυὲἓ) (112.ξὲἆῇ 761.
vicini torrae (1616) en. vinetum (16166) 166.’

Victor, gradensis patriarcha (676) 976. Winica 61611116, iilic 6116161111 (1076,
1161611666, 6111666 chusii 276. 1077-67) 146 (apocr).

11666 (1070-9) 166, (1060) 191. 11661661 116116111Ὲο62) 62. v. Obroatis.

1111166, urbs 611 Istrum (1073) 463. 11111166, 11666611 sigred (6. 1076) 111.
Vigiliis, 6111166 (6. 631) 336. 1. vegia. 11166(1060)59.
11166 (660-96) 393. 1116111116, 61116 16 616111 (1072) 92
111661, consanguineus Ursscnnae (1090) ,116 (1069) 77. ¹

132. 1116661066 1161161166, dax Norsnsnno·
16666661611161116116161(650-’96)362. 166 (1061) 458.

 

