16. 6611(1069) 72, 74, 66111 1
1611116(1069)78,(1070)88,(1076) 1
112166161661116,16661111. ξ
1. iudex 161166(1069)74..66- ·
1161116666166.1661616666) 1
16, (1616161. 1111111166601163. ·
1111166 (1083) 189, 140. Dominious 1
(1089) 151. pincerna 8161166
(1069) 74. vinotoo: Β116111(6.
1062) 62. 66111111, 661161661162.
1616111166 (1069) 64, ,168. Dobro·

8616161161 616 8166116111 61861-
“ 6111162. 8166211166 1166661616616
6166116111. (1611) 16, 61, 111.
uxor 1111 Morio (1042) 46. 86166
1616) 11, 1111, (6. 1661) 61,
1666) 11. 61111611 (1616) 66, 61,
1078) 96, 96. Petrus (6 1074) 98,
99, 129. 161166811611486. 81116
488 86611 Stephanus 486. 86116-
mirig 8116116 (1. Soroba 1661166)

drag (1068) 87. 11116161 62, 79, chroatorum iuppoo, zuponiue:

8616666611) 66, 66. 6616111
66111111· (1066) 67, (1088-9) 149,
(1088) 161. Viso (1089) 189, 140.
volut: Zouio (6. 1062) 62. usur
Τ61111111(1070) 82, (1078) 96. 66-
661611 Α6116(1070) 82, 88, 87,
(1070-8) 102 11161116(1); Vito-
31611131070)182. 0116661 (1070-8)
11111666, ¹6. 1
monog (1080) 182. 11111661660080)
128, 130, 181, (1086) 144. Ρ16411
(1080) 129. 8111611(1086-96)172.
uratur: Georgius (1069) 126.
aulae 6666111616111661161111
capellani ducum: 0616161661
· presb. (862) 6. Cyprianus 616611
(8162), 5. 1111111666 presb. (862) 6
11111666 (1116. (892) 16 capellum ί
111661·161161· 116 1
1616661666 (6 1666) 16. 111111( 1
presb. (1072) 90, 168. 1116611166
(1078) 120. Andreas (1078)118.
120, (1088) 189, 140. 16161166
(1080) 182, 184. Drugolub (1088)
189,140.6111661111111661111116-
'fimus 6616666161116111ὲ (11((1)6Ξ)7ἓ,
{335⁰AEf633)pff⁸8,'⁸1¹26,⁵1'2(1, {lo-80}
151'. notorii: 16111666 diuo
(1070) 88 Georgius (1077) 111
6322ῗί266 166111611111166 (1072) Ι

regorius 66166. 611661 (1089

1116661611116(1078)117, 666116 Ι

tributum (1069) 61.

11111 rego 11(1076-8)118.16111-
1611661 1616161. territorium.

gentaregumchrootioopuoffl)
62, (1069) 78.

0111661116 bunun (949*6ῗ) 400.
1161110069) Ι72,,-486. 116111
111111111111113111111 1
62, 472. 66161 boni 16161161 (1029) Ι
18. uuordo, 16116616 8161661111 62.

16661661 alpibus (1070) 88. Pod-

56136. Ι

63691ῗὲ rho: (affigam. 1161166816
hir J opoui: 861166 6661161616
(1069) 78. 8611111116 (1010) 82. 8116-
6111(1078) 117, 126,]61, 104172,
(loeo-9) 142.

866111 ἑ1070) 88·

(latinu, 661616.(646-62)460. J u·
1616111118616
visen (1666-6) 116.

Drid. Jupuni: 061116 (1088-9)
149. 1111666111 (1089) 151.

Ε11611(849-62) 400.

86111666 (949-62) 400, 406 1. Gu-

6661111.

0111611611 (949-62) 400. 0166111,
inponi: 2611111892) 16. Dobrilo
(1616) 166.

0116165 1661661 1161611116(892)16

Cgbpauuvuiotepffifflgffioofflssh
1166111110078) 117. 1166116 487-8.

1166116 (949-62) 400, 1070) 88.

Luco 487-8; inponi: imuogo
1616) 11, 11. vicho (1662) 62,
1666) 16. 1666111 1616) 61.
4313& (1070) 82, 86. 1111661111

11616111, 1111161111, 11411οηί11111-
111116611ῗ49-62)400. 1611611 1111-
1116616111 16111666 (889) 896. Ju-
6166 16116666 11116111(1066-74)
28, 186. 11661161 1161611661, dux
Marianorum (6. 1076) 111, 118,
(1078)117, (1080) 128, 182, (1088,
1666) 111, 146.

Nono. (949-62)400.1666611 Ado·
11116 (1082) 62, (1089) 78, (1070)
80, 86, (1072) 80, 98, (1078) 96,
(1078) 116, 117. 1166111 (1070)
80, 82, 84, (1072) 90, 98, (1078) 911

81611 (849-62) 400.

Polion. Jupoui: Dulip (1070) 82.
11166 (1070) (1076-8) 118.
7111111(1088-9 149.

 

