496

1000, mobilia 01 immobilia (994) 94, 31010000 neruiue (1030) 130.

(1076 101,·106. 310101 011(1091)106.

3000 . 10200010010(949-59) 407. 310110, 61100 01100100 (1080) 133.
11110 100011 Seue 10010010110 31011000, 110101 Τ110010000 (1070,

0000100 0.1076-8)196. 1071-8) 164.

30000010 (00) 01110(1070)86. 31010100 0101 00100010 (1089),101.
(00) Petrus (1073) 90. bracar: 1110100 (1000) 30-31. 1111000

liciniggJ 11080101 monachae Dabricae (0. (c.0 713743 918ἐ9(1080) 139. 3001101000

3001100100, 00101100 Romae (095) 945. 311110, lanian (918) 18, (1072) 91, 99,

3000010011010000100 (599) 949. 94. ibidem 00010010 0. Petri.

30000, patriarcha 1110000010 (900) 198. 3101000 (800-96) 383.
arbensis 01110 (1018) 39. 3101001. 310010

1111101010 11111 i,
101 nce. ' 01010111 presbyter (1070-3) 01.

3οἔἐῧ1ἑίεοὲ1001βο1001100 101353360, 3101131111, 030000οο1 uineae iu Kutunc

3011101,3011001100001377-8. 31000011 0000001011 000000001 (879)

30100, 0010000000001001, Dalmaeiae 374 1. branimir.
0100111110 11 1111111000·

3010οᾆ 00101 3111110000 (1080-90) 171. 31001011 0010011 (1078) 119.

30001000 &ace-96) 389. 111010 reeordationis (0 1039) 40, (1040)

30001000, auus 10100010 0100101111 01 44, (1060-74) 98, (1090) 159, 0000·
(1010101109. 1100100. 1090) 36.
3001111001ιο 00 600010111οο 1100 1101101100(1049)46, (0. 1099) 189.

(1085-95) 173. 3101111010 oppidum 1101100 (603) 969.

30001000 100010 territorium (1078) 115, 3111111101 (3111111101) (800-96) 389.
(00000). 3111110101 (800-96) 384. 1. 3110101111.

300000 (30000), regio (949-09) 407, Β achiae, 3100110 (3011010000 10 31-
10000100010 ecclesia (1067) 901. aga (1070-3) 167, (1000-95) 173.

110100 (1071) 89, 96, (1030) 134, (0. Bucam, 10000 (1070) 88. v. (11100110
1090) 153, (1091) 155. 30010, 01100 Daniel (1009) 54.

3010001010 (1080) 130. 30010, 30000 posteinie (0. 1069) 69,
3001010001101 (1080) 130. (1069) 73 1011011011ωο 1000000.
30101011 61111100 (1000) 98. 300110, 30010 0000110000 (1066)

30000111, 10000 8070) 68. 1. 01100110. 67, (1089) 191.

310010, 310110, 101000 100010 Dalma- 30010 presbyter (1070-8) 169
1100 (379) 960. 979, (949-09) 406, 30011011100000000011000(099)10.
410, (1077) 111 (00001.) ibidem 001110 1000000 0001110000 (699) 16.
(1000) 101. copem (0 1011) ee.

bracile (1049) 46. 111100 301101001 (1039) 101.

31000010003000101100, 0011100110001. 300100. 01100 30111 01 110101 lucanae
(001) nea-c. (ioco-e) 100-0, (1000001111.

310000010131001 0110110 110001. 01 300100οη0, nubilis 100011. (1091) 155,
11101000 (1097) 179. (0.1096) 176.

31101011 31001001, 3100111011 comen, Budua v. 301010.
dux circatorum (879) 8. 374, (0 3000 femina 970.
880) 13, (879*88) 14, (888) 375. 383. 30010000 Basilius, 0111000000 Bam

Brennica, 001000 000101 (0. 1090) 159. (1094) 434.

3100001100110111,3010100000001100 301000101ςο1ἰί 23, 963, 99 314,
(aue-89) 376, (890) 386. 310, 390, 391, 330-34, 307- ,330

...1110011101111... 11 0001111010

31000101, 3101101, dux Pannoniae mter garia 146, 194-0, 337, 340, 308,
3101001 01301011 (884) 379, (899) 360, 370, 876, 380, 389, 383, 336,
380, (896) 381, 383. 310001ον0 terra, 389, 407, 439, 433, 436, 403, 466-9.

nriffllmfilii'ziiaiiiiii' 135. affl illie 1011390110) 00.

 

