499

Belpredi 66666616616666 6. 1666616 ev. 86616166 0166166, 6166606061 (1000) 29.
(6666166, (666664, (6666166, (6666) 191qu tei Budimiri (6666) 666.
37, ,(1076) 107, 111 (1082) 188 6166· 86616166 666666 (6))666) (1077) 111.
..11111111611611666 66 666 11161166111161168111111116

Felix (6 1070) 86 Petrus (1078) 866161066161666616 1616166 epiecopus

66, (1666) 109-110, 119, 119, 666, (999) 416.

19’1-79. Lupus (1080-0) 188 171, 86616166), imp. 1116066661 ()616166 666666

166 6166666666-66) 171. (919) 666
66666616616666666161166)67166· 8666666, 76616606 (1018) 88

{139 :ziabmgm 916784 4006- 8666ἳ161116861ῗ4ῧ1ᾋ166ῗὲ6ἂ661666661686-

166 0116666106166661. 6666666616· 19139112311999) 181.

rium 6. 866116166661 (1080) 816161, 86661, 8166161 6106)) prope 8616-

136. 40061666 40666 (1068) 74. 6666 (8080, (892) 10, (1078) 114

16066666(1076)102,118,11078) (apocr.) (1080) 18211116616166166.

ὓὲ,,117, 118, (1089’) 182, (1087) 1)1161011611)11146ἔ16116(8112) 19.

1616

’761161181161111111611611 1161161116161111161111161(6666)

1666666666) 666 ,)(1666-66 666, 19, (6666) ).666
660111111111116116111111811011111167. 811166) uel ()6Ι)1811116611111111.ἱ 11199110) 1118Β

116666(61060)60 46606666 (1089) 8066111166 01606106 8 1611080)

11181-11111.) 93 ‘Imus (1076) 102 8161111, 16666660 Rop 0190059) 08,6 (6.
iudi⁰⁰⁸³1g7⁰6⁸mf0ff lllogo) 87. 866- ff) 146 pert 66))666866666(11109)

((6666

8616616166( 014913‘19119, Belogreda, Be· 066666, banus chroatiae (949-0 1) 400
legare, 6161166 60 6661166666) 8661 6. b9uu9.

6111666011 274, (949-02) 411, 412, 8666 Duymus 01666666 (1080)128-9.
1096) 460-9. 86616, 76 6166616 (1018) 88

8616666161166666166,0666666666νί6- Boehmir (800-96) 888.
curius (1097) 478. 866 066), iilius 716661 61 freter 1166161
8611166, ρ61661116106661(800-96)884. (1080) 182, (1080) 144.

861166, 16666 8616666166 472. 8666061661 111606, Tragurium (1064)

86111616, chroatiae urbs (949-02) 400. 64 Georgius (1076) 102.

861196 (06) 16666 prope Spalatum (1080) 8οᾷοωῦὲῶ 11116 861606168ομ).οο-

666

“ 8616616οο611 (949- 02) 417-19, v. 866666,111166 66161161 8666 (1080) 180.
0166611. 8611616661686666166 finitima 278, 418,
86161166, filius 86666666 (1080) 180. 6 86061661, 8666660810, 818, 827

8616666· 16666 472. 86166 16))6166 (1070) 82.
86ὲ616,1661661116166,8616660(61070) 11191316 ⁸391}ng (ἔξω 1801666166

1

86166161, villanus (1009) 04. Boleunggiupanusumemiuruuoisuun-
866661 colunne (1072) 90. 1166161 (892) 16
866606 6616666 (1072) 90. 166116 (1080) 180, 181.
mulier (1080) 188. 166166866666661066661601080)

Benedictus presbyter, 6666661666 6128.

Chrysogoni (6 1096) 176. 06 ’166661 (1080) 128.

beneficium (1006) 00, (6 1067) 71. 06 116616 (1080) 180.

8666661666 6. 866166 86166616 06 8666616 Ι(1080-90) 172.

8666666166) urbs (994-5) 880. prinei· 86166166 16)) 61, 16))166 (1009) 02, 04,
861111181811116516 1616611111191111070)81 cundia ω·
8660616666 666) 66616(1070)84,(1072) 8616661666 (800-96)888.

90. 6. 86606. 8616666 666666 81666716 66660080) 184

8666666666) cirins (817) 819. 8686666666616616 86066616(1066)07.
herme (6166616) (6 1089) 191901111139, mulier 1166666616 (1076 ) 92

 

