0111111111 (11) tortio (1069) 63, 161,
(1070-8) 164.

010111111181) Drugo, 11111 holgrod

0111110,’1ο11111111 111111(1010-8) 164.

christophorus, olivolensis 10110011
(101) 111, (101) 111.
1011111111,110111111011101111

(614-16) 316.

0111111, 0111011111, 11111111, 01111111
1111Ἠ1111111,111ο1111,111110111-
1111(926-1) 196, 270, 291, 828, 336,
846, 860, 869-72, 387, 892, (862)1,

1Μ1ΜΜΜ,ΜΜ

412, 411, 420-1 ,(966-1)’ 428 ,(991

111-1, ’(1011) ’111-1, (10311410,

403, (1069) 61, (1. 1069) 201, (1080)

121.Β11011110’1111 (949, 9'50-62)

417—19. 01011111,01101111,01ο1-

1111 Boiohomi (979) 418.

01101111, 0111011111, 0101111111, 001
butio ’271-2, 286, 860, 376, 886,
891-2, 396, 397, 898, (949-62)
400, 40’6, 406, 409, (991) 28 (1024)
484, 469’, 411-2, 414-84.’

Ch2r÷tgot4ult7muig8uo 111 1111(949-52)

Chroa’torum terru (926) 196, 292.
9119111911-’199 ’111”11’1’1’1”1’11”1’)
3881101111 (862)4, (1076) 108.
0110111111 reguum (1000) 28,-
199, 200, (1078) 119, (1091) ¹1.64

0110111111ἐ1(111)1111111’111011(1069)
72. 11011110110069) 62. 111
rogale(1066) 66 (1069) 73 ,( 087)
146,1. 111. regio 41011111
(1099) 78, (1083) 139. maiestas
1000) 291101111 thronus
1076-6) 113. solium regale (1076,
1011-1) 111, (1011) 111, (1011,
1089) 148. corona (1076) 104.
regui (1111111111 (1083) 189.
sceptrum (1076) 108, (1088) 189
111111 (1076) 103. vexillum
(1016) 108. 1111111110 in regom
(1076) 103 (1083) 189.

croatorum 111111εΡο1(1,Βο1111
212, 291. Βο111, Porio (818) 820,
88190 322, (820) 824 (821) 826 Lo?
oscor (821) 826, 828. Μ11111
(839)8, 4, 636 Τ11’011111(662)6, 16,
116, 386. 00110101(866-6)864,
(819-6)6, (876) 866, (8161812.
8111111111 (878) 378, (’879)1. Bru·
111111 (1111, 111, (e. 660) 13,
(879-66)14 ,(888) 373,— 383.
Μο1111111(89’2) 16, 81. 1111111111
876 reges: Το1111111(924) 181,
188, 189, 898. Τ11011111,01111011’

’ 16. 1111111111τί1 Zeli

511

1111111 891. 0111111111, 1111111111
111111 20, 62, 897, 3’98. 11101911
0111101111111111898 1111111111,111111
0111111111 (918) 20, (994) 88, (1000)
98,- 62 8111011111 62. 0011111,
111111 8111011111 62 01111111,
frater 811101111111 0011111162.
1111211110111111111 89, 72, (1018)
484,411,472. 811011111101111
P. 0111111111 61, 62, 66, 72, 472.
Petrus 011111111 (1069) 61, 66,
(1 1062) 62, (o. 1066) 64, (1086)
66, 66, 67, ’(1007) 69, 70, (1069)
12, 13, 74, 76, 18, (1970) ’80, 81, .
64, 86, 66, 87, (1071) 89 (1072)
90, 92, 96’, (1’078-4) 96,’ 97,
mmffiQmm’ffl
441, 449 486. 81111( (1014-6) 98
99, ’.129 0111111111Ἰ)111111111(1076)’
109, 104, 101, 166, 108, 111, (1076,
1011-8) 112, (1076) 114, 116, 116,
117, 116,1’19, (1018380106,
(1090) 12’7, 182, 188, (1088) 138,
140, (1086)’ 144 ,110811146-148,
162, 164, 447, 478-71, ’4.86-8
8110111111(108819)141,1’48 ,(1069)
149, 162, 218141, Petrus 481
ducum 11 rogum 1111111181·
111111 etro 11111. ’1110111111
uxor (812)(1. 111111 8111111111
uxor 883. uxor 0111111111 (1024)
484. Η11111, 0101811011111,11111
21111110111011460Η1”11111(1018)
117, 486. hepo (107821119 ,(1068)
139, 1400101111· 1110161111
111011111111111 683.11111(678-94)
311. 1111101111 (8111111111) filius
(1018)119, (1088)139,140. con·
1111011111 8111(11,’01111811
0111111011 (998) 427. 11011111
110111111111011111 1111111011 811
{1'3929817626086 ,1111111111 8111111111
110111 Stephanus, deinter (1066)
66, 119 8111111111, primum 111111,
1111 dux, taudem 111 108 Simon
(1. 1091)’ 161. 001111461-8
1101111111111111Ρη1111111(1086)144
aulo, 11111 (11111111001110101-
1111111Βο1111111(692) 1611-
tt?‘316111163011‘6333
1101(892) 16. 2111111092) 1010-
011110111111111111211111111
(692) 16’.’ 111111011Το 001111()()892
rog( (692)
16. Ρ11111(892) 16 corollariuo
2111111ἓ892)116 110111111οωί
111111 11111111(892)1611111-
11 111 11 10111.111112111111(((892)

 

